4000.25585  0.071
4000.45855  0.089
4001.1515  0.13
4001.44445  0.056
4001.67105  0.107
4002.92505  0.063
4003.7679  0.08
4005.701  0.102
4006.1509  0.058
4006.31355  0.088
4006.6314  0.093
4006.77095  0.141
4006.9934  0.058
4007.2741  0.096
4007.92615  0.039
4008.90265  0.131
4009.1448  0.049
4009.54695  0.03
4009.70415  0.142
4010.58425  0.07
4010.77325  0.043
4010.93105  0.044
4011.4104  0.061
4011.71405  0.052
4012.24845  0.029
4012.40775  0.142
4013.62715  0.095
4013.8149  0.128
4014.26815  0.044
4014.52255  0.137
4015.60565  0.087
4016.42175  0.074
4017.12675  0.165
4017.5102  0.173
4018.09775  0.15
4018.26465  0.095
4019.05025  0.041
4020.047  0.099
4020.2321  0.138
4020.39415  0.042
4020.4826  0.032
4020.89755  0.089
4021.6168  0.067
4021.8627  0.13
4022.22525  0.048
4022.73845  0.05
4023.38135  0.069
4023.6833  0.052
4024.0  0.019
4024.0953  0.065
4024.57145  0.089
4024.7274  0.113
4025.13025  0.088
4025.42525  0.031
4025.81795  0.063
4026.43365  0.054
4026.53735  0.014
4027.055  0.078
4027.667  0.037
4028.3411  0.096
4028.75955  0.024
4029.64075  0.113
4030.18765  0.079
4031.24065  0.03
4031.74515  0.13
4031.96285  0.085
4032.45815  0.082
4032.63505  0.124
4033.5919  0.035
4034.22555  0.044
4037.11795  0.044
4038.78625  0.073
4039.08955  0.026
4039.9376  0.024
4040.09075  0.067
4040.6391  0.089
4040.78515  0.027
4041.33645  0.197
4041.6487  0.058
4043.921  0.195
4047.30375  0.051
4048.7325  0.168
4049.32925  0.067
4049.7247  0.024
4050.6746  0.062
4051.9176  0.096
4052.2958  0.068
4052.4726  0.121
4052.6888  0.117
4053.26525  0.077
4053.82415  0.079
4054.17895  0.053
4054.83425  0.16
4055.03265  0.1
4055.5415  0.136
4056.3485  0.036
4057.2158  0.051
4057.9427  0.019
4058.20865  0.125
4058.7594  0.092
4058.92325  0.114
4059.38125  0.057
4059.7174  0.082
4060.26535  0.035
4061.09365  0.069
4061.724  0.086
4061.9553  0.068
4062.4442  0.123
4064.20865  0.051
4064.4209  0.139
4065.0815  0.065
4065.383  0.078
4066.1253  0.047
4066.3675  0.084
4066.5845  0.087
4066.98185  0.141
4067.2746  0.105
4067.9811  0.147
4068.5407  0.005
4069.06665  0.046
4069.606  0.019
4070.2731  0.078
4070.77375  0.12
4072.5076  0.091
4073.7634  0.104
4074.74765  0.198
4075.0995  0.059
4075.94545  0.088
4076.2205  0.06
4076.5793  0.252
4076.82785  0.16
4077.34945  0.039
4077.9625  0.042
4078.4071  0.203
4079.21715  0.161
4079.40085  0.124
4079.83995  0.095
4080.2112  0.09
4080.878  0.062
4081.25505  0.062
4082.11025  0.075
4082.43415  0.089
4082.94025  0.101
4083.6598  0.287
4084.4943  0.149
4085.0082  0.103
4085.28675  0.159
4085.98145  0.051
4086.316  0.125
4086.70885  0.037
4087.09635  0.083
4088.5589  0.06
4089.2191  0.066
4090.07335  0.072
4090.56345  0.034
4090.95545  0.064
4091.5552  0.068
4092.3463  0.204
4092.5045  0.064
4092.65655  0.133
4094.4198  0.041
4094.93945  0.114
4095.9779  0.113
4096.11045  0.088
4096.20715  0.066
4097.06045  0.132
4098.17715  0.123
4098.546  0.139
4099.79025  0.09
4100.163  0.097
4100.34185  0.048
4100.7451  0.144
4102.36945  0.036
4102.93725  0.167
4104.1305  0.131
4104.9452  0.062
4105.1605  0.078
4106.25955  0.078
4106.4286  0.087
4107.486  0.137
4108.13125  0.033
4108.52885  0.083
4109.05955  0.082
4109.4535  0.021
4109.797  0.142
4110.5327  0.115
4110.86575  0.056
4110.9997  0.002
4111.35285  0.026
4111.7795  0.119
4112.32  0.069
4112.7118  0.038
4112.94665  0.122
4114.44695  0.102
4114.93995  0.068
4115.17165  0.106
4116.4805  0.051
4117.8542  0.067
4118.5489  0.143
4118.8278  0.224
4119.3987  0.072
4120.2091  0.098
4121.32065  0.131
4121.80505  0.096
4122.51835  0.089
4122.66145  0.063
4123.2284  0.039
4123.50785  0.076
4123.74965  0.113
4125.63415  0.11
4125.88295  0.074
4126.18495  0.114
4126.5136  0.044
4127.60315  0.129
4127.7976  0.109
4128.0889  0.131
4128.7406  0.044
4129.17925  0.086
4129.46135  0.056
4130.03265  0.073
4130.65055  0.021
4132.5321  0.089
4132.71005  0.028
4132.904  0.12
4133.60735  0.038
4133.84225  0.119
4134.4172  0.234
4134.67455  0.145
4136.5259  0.077
4136.9999  0.109
4137.41105  0.062
4139.9335  0.086
4140.4101  0.073
4141.86675  0.074
4142.17655  0.048
4142.3054  0.042
4142.4737  0.059
4142.58365  0.073
4143.4523  0.228
4145.201  0.016
4145.7608  0.046
4146.0576  0.089
4146.98705  0.038
4147.34345  0.05
4147.48035  0.002
4147.67055  0.124
4149.19405  0.089
4149.3655  0.13
4149.76425  0.075
4150.2517  0.068
4151.95295  0.062
4152.1334  0.164
4153.87955  0.159
4154.10015  0.061
4154.4997  0.115
4154.8084  0.114
4156.2879  0.112
4156.45195  0.028
4156.6744  0.082
4156.7987  0.116
4157.78285  0.109
4158.79355  0.089
4159.1837  0.098
4160.3643  0.041
4161.08285  0.037
4161.20615  0.035
4161.5127  0.092
4163.6515  0.098
4165.38835  0.077
4167.86335  0.048
4167.95825  0.059
4168.6166  0.029
4168.9446  0.044
4169.76125  0.027
4170.91125  0.093
4171.0373  0.101
4171.69475  0.056
4171.90525  0.076
4172.09365  0.143
4173.3186  0.068
4173.49235  0.149
4173.93105  0.085
4174.90625  0.113
4175.6384  0.105
4176.5709  0.108
4178.0485  0.071
4178.85845  0.072
4179.37735  0.109
4180.81095  0.065
4181.55335  0.037
4181.75825  0.145
4181.96575  0.075
4182.384  0.082
4182.7609  0.05
4183.44985  0.029
4183.9957  0.099
4184.3091  0.039
4184.8978  0.102
4186.6168  0.069
4187.0414  0.193
4187.6026  0.098
4188.7333  0.101
4188.97965  0.002
4189.56135  0.05
4191.4299  0.177
4191.67765  0.084
4192.56925  0.048
4195.34185  0.126
4195.61755  0.076
4196.20945  0.092
4196.53935  0.054
4197.09545  0.049
4198.6268  0.116
4199.0994  0.163
4199.9001  0.002
4200.4572  0.016
4200.9264  0.101
4201.73345  0.113
4202.3376  0.063
4202.7548  0.064
4203.57395  0.068
4203.9727  0.148
4204.74685  0.112
4205.0579  0.097
4205.3821  0.005
4205.5384  0.09
4207.1298  0.089
4207.40775  0.058
4208.60485  0.1
4208.9837  0.042
4209.8239  0.05
4210.3537  0.183
4210.95925  0.116
4211.8909  0.069
4212.6399  0.11
4213.649  0.095
4215.9692  0.086
4216.18855  0.136
4216.5969  0.037
4217.2273  0.126
4217.55755  0.138
4218.22245  0.021
4218.72435  0.093
4219.20205  0.029
4219.3771  0.156
4220.05015  0.029
4220.344  0.09
4221.47025  0.028
4222.2156  0.168
4223.08445  0.038
4223.5273  0.153
4224.18045  0.143
4224.50265  0.122
4224.85505  0.102
4225.4542  0.14
4225.71555  0.073
4225.9624  0.119
4227.74895  0.035
4227.939  0.081
4229.5136  0.082
4231.0208  0.113
4231.95115  0.029
4232.72945  0.065
4232.9208  0.064
4233.17805  0.148
4235.14075  0.077
4235.28695  0.094
4238.0234  0.119
4238.811  0.171
4239.3618  0.063
4240.41025  0.148
4240.6997  0.047
4241.11855  0.045
4242.37865  0.191
4242.60595  0.087
4242.7281  0.077
4243.5412  0.043
4243.8182  0.053
4245.2994  0.176
4246.06175  0.128
4246.8326  0.16
4248.24495  0.124
4248.41435  0.062
4248.72465  0.085
4248.9399  0.075
4249.49715  0.081
4249.6265  0.116
4253.9099  0.056
4254.9723  0.11
4255.2495  0.062
4255.50405  0.051
4255.62735  0.056
4255.83325  0.085
4256.19295  0.027
4257.65715  0.05
4258.16085  0.052
4258.31955  0.084
4258.61715  0.072
4258.7191  0.013
4258.95425  0.045
4261.2222  0.064
4261.52815  0.075
4261.73255  0.056
4261.95725  0.116
4263.13655  0.041
4264.22145  0.096
4264.73585  0.072
4265.26075  0.065
4265.91985  0.053
4266.96235  0.087
4267.38515  0.059
4267.7884  0.171
4268.1039  0.075
4268.75155  0.069
4269.73825  0.078
4269.83445  0.1
4270.16925  0.032
4272.53735  0.029
4273.3384  0.114
4273.4721  0.078
4274.1876  0.064
4274.59905  0.07
4276.6764  0.056
4277.52865  0.072
4278.22185  0.076
4279.4864  0.068
4279.7189  0.111
4279.8678  0.058
4280.03005  0.069
4280.2162  0.062
4280.4023  0.054
4280.52525  0.039
4280.78235  0.042
4280.96455  0.06
4281.0919  0.08
4281.9684  0.083
4282.4063  0.149
4282.78395  0.015
4283.0043  0.143
4284.22105  0.096
4284.6825  0.037
4284.83115  0.024
4285.0046  0.085
4285.8112  0.061
4286.02995  0.154
4286.1866  0.062
4286.4874  0.146
4287.4063  0.064
4287.93175  0.185
4288.1491  0.068
4288.7315  0.086
4289.36695  0.136
4289.90745  0.089
4290.21895  0.12
4290.3774  0.074
4291.46685  0.094
4292.2878  0.054
4293.0821  0.172
4294.77695  0.063
4295.7528  0.066
4295.8827  0.024
4296.97805  0.162
4297.24815  0.165
4297.525  0.081
4298.01355  0.148
4298.18855  0.055
4298.67565  0.088
4299.47395  0.087
4299.6507  0.136
4299.825  0.128
4300.308  0.057
4300.5698  0.119
4300.795  0.113
4301.07925  0.214
4301.9091  0.121
4302.24415  0.163
4302.90265  0.066
4303.15935  0.099
4303.59005  0.02
4303.8697  0.195
4304.2562  0.016
4304.3866  0.049
4304.5682  0.093
4305.10935  0.053
4305.39165  0.207
4305.7105  0.069
4305.90795  0.148
4306.13735  0.068
4306.7602  0.28
4307.3067  0.06
4308.57755  0.128
4309.40515  0.145
4309.6668  0.14
4310.14385  0.16
4310.44405  0.14
4310.6935  0.06
4310.96825  0.087
4311.15905  0.08
4311.4758  0.153
4311.7088  0.073
4312.11805  0.125
4312.2911  0.071
4312.8743  0.13
4313.0182  0.068
4314.0874  0.097
4314.30005  0.007
4314.80235  0.056
4315.0375  0.217
4318.6536  0.107
4320.74175  0.088
4320.95325  0.055
4321.7923  0.03
4323.0038  0.014
4323.22415  0.107
4323.5126  0.085
4323.8622  0.126
4325.03545  0.205
4325.35345  0.029
4326.75705  0.048
4327.107  0.078
4327.91255  0.039
4330.7023  0.044
4331.64565  0.048
4337.0501  0.123
4337.56015  0.087
4337.9204  0.098
4338.26355  0.051
4339.4543  0.099
4339.7174  0.086
4341.36415  0.071
4343.23385  0.11
4343.6996  0.051
4344.28575  0.056
4344.5063  0.091
4346.557  0.048
4347.83635  0.025
4348.94075  0.016
4350.83255  0.052
4351.0483  0.099
4351.55  0.09
4352.2518  0.034
4352.5519  0.038
4352.7857  0.232
4354.60625  0.075
4355.08915  0.109
4355.99225  0.051
4356.3596  0.035
4356.59925  0.011
4358.51125  0.098
4358.71515  0.085
4360.28685  0.032
4360.4739  0.042
4360.7935  0.043
4362.52915  0.044
4363.10365  0.068
4363.28795  0.057
4364.0396  0.011
4364.1818  0.051
4365.8994  0.053
4366.4978  0.055
4366.665  0.066
4367.62565  0.224
4367.90715  0.089
4369.4009  0.005
4369.77605  0.201
4371.0242  0.143
4371.2848  0.108
4372.74245  0.044
4372.8348  0.062
4373.2567  0.037
4373.56535  0.073
4374.18705  0.142
4374.46785  0.124
4374.8227  0.054
4374.93485  0.1
4375.6129  0.124
4375.9387  0.171
4376.77775  0.058
4377.2362  0.097
4378.253  0.096
4379.23305  0.133
4380.0624  0.086
4380.73385  0.138
4382.5206  0.021
4382.7479  0.183
4384.31  0.083
4384.5358  0.04
4384.73995  0.205
4384.98305  0.105
4385.1755  0.23
4385.3802  0.104
4386.84815  0.061
4387.0574  0.057
4387.48365  0.073
4387.8946  0.085
4388.4089  0.115
4388.86295  0.042
4389.2489  0.083
4389.9826  0.103
4390.50115  0.133
4390.98345  0.149
4391.66035  0.05
4391.7705  0.099
4393.52225  0.048
4394.06215  0.086
4395.0349  0.153
4395.247  0.122
4395.4957  0.053
4395.8425  0.073
4398.0151  0.049
4399.7669  0.134
4400.39405  0.095
4400.574  0.035
4401.01945  0.021
4401.2923  0.087
4401.5029  0.19
4403.1779  0.041
4404.2775  0.07
4406.64495  0.087
4407.67785  0.167
4408.203  0.073
4408.4578  0.19
4409.1222  0.016
4410.52205  0.041
4411.0774  0.038
4411.9311  0.031
4415.55465  0.106
4416.8233  0.077
4417.71725  0.103
4418.33875  0.071
4421.9404  0.01
4422.5651  0.115
4423.1381  0.019
4423.84285  0.043
4425.441  0.136
4427.10295  0.067
4427.31205  0.157
4430.19355  0.061
4430.6172  0.114
4432.5709  0.039
4433.22655  0.104
4433.78445  0.072
4434.9642  0.168
4435.14735  0.096
4435.68  0.127
4436.34915  0.062
4436.94555  0.086
4438.3456  0.035
4439.88475  0.039
4441.7152  0.08
4442.3496  0.178
4442.8331  0.061
4443.1966  0.104
4443.80635  0.133
4444.55795  0.055
4445.47635  0.014
4446.84135  0.066
4447.1325  0.064
4447.73355  0.165
4449.1456  0.051
4450.31805  0.057
4450.48555  0.097
4450.8963  0.052
4451.584  0.1
4453.0013  0.052
4453.31555  0.07
4453.7024  0.026
4454.38525  0.104
4454.76445  0.243
4455.01565  0.111
4455.3124  0.092
4455.86805  0.174
4456.3295  0.056
4456.6219  0.083
4457.0373  0.03
4457.4851  0.185
4458.08295  0.07
4458.2497  0.079
4458.52195  0.005
4459.0914  0.215
4459.35235  0.077
4459.7511  0.055
4460.29665  0.131
4461.08385  0.071
4461.1967  0.063
4461.38135  0.008
4461.6572  0.14
4462.00095  0.139
4462.4513  0.08
4463.4055  0.032
4464.45085  0.084
4464.7184  0.163
4466.55925  0.15
4466.93405  0.061
4468.4965  0.143
4469.1553  0.049
4469.37765  0.127
4470.13315  0.055
4470.48115  0.087
4470.85195  0.069
4471.24025  0.027
4472.75405  0.133
4472.9274  0.036
4476.04955  0.185
4479.61295  0.077
4479.96455  0.045
4480.141  0.071
4481.13255  0.066
4481.29005  0.125
4481.6113  0.056
4482.21845  0.216
4482.73485  0.085
4484.2228  0.104
4485.67865  0.085
4488.13325  0.052
4488.32595  0.045
4488.90805  0.045
4489.1482  0.128
4489.74375  0.104
4490.08375  0.089
4490.7776  0.099
4491.40575  0.082
4494.5581  0.191
4495.95425  0.044
4496.1514  0.03
4496.85965  0.107
4496.95985  0.002
4498.8945  0.057
4499.13595  0.035
4501.27365  0.124
4502.216  0.05
4508.28525  0.082
4512.7378  0.062
4514.18655  0.049
4515.33875  0.077
4517.5299  0.065
4518.02645  0.07
4518.3349  0.028
4520.2245  0.077
4522.62755  0.103
4522.79985  0.072
4525.14135  0.107
4526.4387  0.127
4526.55505  0.053
4526.9279  0.08
4527.3191  0.084
4529.5195  0.132
4529.67715  0.046
4530.7251  0.091
4530.95135  0.071
4531.15205  0.119
4531.6264  0.056
4532.97305  0.042
4533.2443  0.103
4533.96645  0.131
4534.16485  0.031
4534.7807  0.095
4535.5744  0.089
4535.7084  0.081
4535.92425  0.098
4536.03815  0.089
4540.49975  0.044
4540.70495  0.045
4541.51895  0.055
4544.6578  0.127
4545.13595  0.026
4545.95665  0.082
4546.9367  0.043
4547.00715  0.076
4547.8503  0.082
4548.7677  0.069
4549.56075  0.281
4549.81485  0.048
4550.7695  0.078
4552.49565  0.156
4554.0337  0.174
4554.99115  0.023
4555.4884  0.07
4555.89205  0.092
4556.13045  0.116
4558.64825  0.084
4560.08965  0.04
4563.76295  0.133
4565.52325  0.102
4565.6592  0.089
4566.51645  0.031
4566.87055  0.027
4568.77025  0.037
4571.0967  0.118
4571.67315  0.024
4571.97635  0.145
4574.2199  0.002
4574.721  0.06
4576.33635  0.065
4578.5555  0.089
4580.05495  0.09
4580.41095  0.031
4580.58515  0.019
4582.83355  0.052
4583.8316  0.132
4584.721  0.015
4584.8177  0.058
4585.9008  0.175
4586.36935  0.025
4587.13025  0.052
4588.20155  0.074
4589.9496  0.091
4591.39635  0.076
4592.0526  0.026
4594.1185  0.046
4595.36145  0.069
4596.058  0.071
4597.86885  0.032
4598.121  0.086
4599.8394  0.057
4600.10275  0.021
4600.3609  0.084
4600.75285  0.11
4600.93875  0.029
4601.01125  0.036
4602.00405  0.096
4602.9443  0.149
4604.55675  0.055
4604.99125  0.109
4605.58615  0.067
4606.22025  0.062
4607.3333  0.061
4607.6488  0.118
4611.25485  0.2
4613.2095  0.108
4613.3581  0.105
4615.5609  0.004
4616.12795  0.114
4616.6244  0.055
4617.2721  0.086
4618.78785  0.131
4619.29135  0.111
4619.53405  0.04
4620.51535  0.07
4621.9265  0.074
4622.4515  0.044
4623.09815  0.076
4625.04885  0.122
4626.1776  0.108
4629.3427  0.131
4630.12415  0.099
4632.8805  0.178
4634.07545  0.081
4634.715  0.029
4635.84915  0.077
4637.50685  0.121
4638.012  0.115
4639.3648  0.06
4639.66335  0.059
4639.9414  0.046
4640.28855  0.055
4643.4662  0.105
4646.1668  0.135
4646.64005  0.043
4647.4376  0.123
4647.9558  0.073
4648.6551  0.12
4651.28875  0.106
4652.16715  0.132
4654.58355  0.279
4656.4693  0.098
4656.9778  0.036
4657.2031  0.074
4657.588  0.029
4661.5361  0.042
4661.97565  0.066
4663.3193  0.046
4663.3978  0.026
4663.81605  0.051
4664.7894  0.091
4665.90245  0.01
4666.4857  0.06
4666.7531  0.076
4666.98365  0.054
4667.25185  0.063
4667.5138  0.25
4667.7624  0.056
4668.11655  0.182
4668.5688  0.066
4669.1724  0.104
4669.3194  0.006
4670.40875  0.088
4672.3289  0.085
4672.83635  0.018
4673.2047  0.189
4674.0908  0.026
4675.1086  0.032
4678.16755  0.093
4678.849  0.136
4679.2223  0.073
4680.13755  0.066
4680.29795  0.066
4680.50075  0.108
4681.91425  0.102
4682.11405  0.067
4682.33905  0.037
4683.56275  0.075
4685.2675  0.084
4686.2151  0.086
4687.3856  0.05
4688.17655  0.058
4689.35805  0.046
4690.1399  0.082
4691.38995  0.167
4691.5877  0.052
4694.86005  0.001
4698.43685  0.123
4698.6229  0.076
4698.76515  0.05
4699.33405  0.093
4700.15795  0.088
4701.0495  0.061
4701.3562  0.053
4701.5317  0.071
4703.80935  0.089
4704.9503  0.091
4705.46335  0.037
4707.2784  0.151
4707.48805  0.094
4708.0141  0.081
4708.6659  0.073
4709.71255  0.099
4710.2579  0.163
4712.0767  0.017
4714.06815  0.017
4714.417  0.194
4715.7657  0.102
4718.42255  0.09
4720.99535  0.068
4722.15995  0.094
4727.43795  0.182
4728.54705  0.108
4729.02095  0.049
4729.6781  0.05
4730.0344  0.099
4730.7148  0.065
4731.4703  0.117
4731.8014  0.053
4732.45905  0.054
4733.59505  0.111
4734.10005  0.008
4735.8463  0.085
4736.77995  0.186
4737.35185  0.075
4737.63225  0.029
4739.10625  0.084
4740.3406  0.043
4741.06885  0.031
4741.53265  0.097
4744.3855  0.08
4745.8023  0.103
4748.13535  0.108
4749.9492  0.023
4752.10465  0.078
4752.4271  0.099
4754.03865  0.182
4754.76115  0.079
4755.7069  0.021
4756.11515  0.102
4756.51865  0.119
4757.58115  0.09
4758.1225  0.071
4759.27315  0.077
4761.5246  0.117
4762.37495  0.16
4762.6282  0.087
4762.78065  0.044
4763.9177  0.15
4764.2982  0.008
4764.5285  0.051
4765.4666  0.126
4765.8617  0.121
4766.4216  0.142
4766.78465  0.02
4768.35675  0.17
4771.46915  0.114
4771.7078  0.089
4772.822  0.138
4776.36305  0.061
4779.4415  0.065
4779.9819  0.103
4783.42165  0.188
4785.9595  0.005
4786.28505  0.053
4786.54065  0.138
4786.8104  0.123
4787.82905  0.062
4788.7606  0.102
4789.33955  0.098
4789.65335  0.124
4791.24415  0.062
4792.50385  0.103
4792.85655  0.037
4798.267  0.068
4798.5343  0.07
4798.7342  0.041
4799.4095  0.05
4799.8248  0.123
4800.6514  0.1
4801.02845  0.08
4802.88385  0.095
4805.06535  0.179
4805.4202  0.008
4806.99215  0.095
4807.71145  0.082
4808.14985  0.021
4808.54905  0.029
4808.6788  0.067
4810.5355  0.111
4812.3467  0.035
4813.4804  0.07
4817.8051  0.095
4820.41205  0.065
4821.12175  0.01
4823.51025  0.19
4824.14025  0.127
4829.0272  0.121
4829.36325  0.113
4831.17925  0.113
4832.71475  0.112
4834.51165  0.049
4835.87075  0.081
4836.23425  0.033
4838.5203  0.103
4838.64  0.089
4839.54895  0.101
4840.2898  0.16
4840.8805  0.105
4841.78165  0.005
4842.7872  0.079
4843.15045  0.114
4844.019  0.078
4845.65235  0.071
4848.2513  0.102
4848.8862  0.069
4849.16955  0.052
4851.4995  0.002
4852.55815  0.065
4854.8705  0.079
4855.4179  0.131
4855.67705  0.107
4856.01315  0.079
4857.3944  0.09
4859.1248  0.073
4860.2227  0.077
4862.5833  0.116
4863.65075  0.121
4863.93325  0.053
4864.3173  0.12
4864.7358  0.059
4865.61525  0.068
4866.2759  0.118
4867.87195  0.097
4868.26505  0.034
4870.12815  0.064
4870.8177  0.118
4873.4466  0.091
4874.0125  0.035
4875.0303  0.021
4875.48955  0.065
4875.8809  0.087
4876.412  0.084
4881.56305  0.088
4881.72  0.092
4882.1482  0.102
4883.68795  0.081
4885.08625  0.086
4885.4343  0.101
4886.3349  0.108
4887.0086  0.104
4887.19365  0.097
4888.6343  0.119
4889.0545  0.194
4892.86135  0.072
4896.4402  0.014
4899.9159  0.081
4900.1233  0.064
4903.3029  0.179
4904.4166  0.104
4907.73535  0.074
4909.3872  0.076
4910.0211  0.104
4910.3302  0.092
4910.5687  0.089
4911.1977  0.048
4911.7813  0.035
4912.022  0.046
4913.61945  0.053
4913.9771  0.062
4917.23325  0.075
4918.0154  0.059
4918.3684  0.088
4918.707  0.044
4921.78115  0.011
4922.262  0.099
4923.92995  0.174
4924.7742  0.113
4925.5708  0.063
4927.4237  0.049
4927.872  0.078
4930.3081  0.091
4933.1999  0.001
4933.3286  0.12
4933.88025  0.052
4935.8337  0.07
4936.3397  0.041
4937.3465  0.103
4938.17865  0.096
4938.8183  0.144
4939.2397  0.104
4939.69125  0.119
4942.48375  0.104
4945.44785  0.038
4945.63945  0.022
4946.39345  0.12
4950.11  0.09
4952.6466  0.053
4953.21125  0.062
4954.80765  0.046
4962.576  0.058
4964.93095  0.026
4966.09295  0.138
4967.9016  0.097
4968.69845  0.058
4969.9211  0.09
4970.4992  0.062
4971.34995  0.065
4973.1011  0.106
4976.3299  0.023
4978.593  0.146
4980.18055  0.121
4981.73565  0.132
4982.5042  0.144
4982.82145  0.096
4983.25545  0.126
4983.856  0.138
4984.1182  0.107
4985.25725  0.116
4985.55105  0.124
4986.22585  0.044
4988.9541  0.1
4991.073  0.129
4991.2721  0.104
4993.6912  0.034
4994.13485  0.124
4996.84745  0.042
4998.2279  0.062
4999.5074  0.123
5000.347  0.075
5001.86835  0.139
5002.79715  0.083
5004.04825  0.023
5005.71715  0.132
5006.11765  0.193
5007.24715  0.175
5010.9424  0.032
5012.09735  0.186
5012.4466  0.059
5013.3027  0.059
5013.691  0.026
5014.24195  0.179
5014.9465  0.122
5016.1663  0.069
5016.88185  0.009
5017.58255  0.099
5020.0275  0.085
5021.5981  0.046
5022.23945  0.106
5022.8716  0.078
5024.8482  0.073
5025.567  0.033
5027.16235  0.171
5027.7603  0.05
5028.1309  0.086
5029.62175  0.034
5031.02135  0.076
5035.3675  0.108
5035.939  0.139
5036.4689  0.073
5038.40265  0.065
5038.5945  0.044
5039.2634  0.096
5039.96265  0.082
5040.90085  0.151
5041.05915  0.151
5042.1904  0.058
5044.21615  0.077
5048.43925  0.069
5048.85125  0.06
5049.8255  0.149
5051.5211  0.033
5051.6286  0.151
5060.07585  0.059
5064.6565  0.093
5065.00775  0.149
5065.1938  0.068
5067.1548  0.072
5068.77015  0.131
5072.0802  0.086
5072.6766  0.062
5074.7547  0.122
5076.2767  0.083
5078.97995  0.102
5079.2268  0.11
5079.7441  0.108
5079.96245  0.042
5080.53695  0.111
5081.11585  0.1
5082.3478  0.06
5083.34395  0.118
5084.1018  0.097
5087.42545  0.031
5090.78005  0.095
5097.0004  0.104
5099.07995  0.044
5099.32815  0.074
5099.9334  0.087
5105.5425  0.091
5107.45465  0.105
5107.6448  0.107
5109.6539  0.062
5110.4048  0.146
5115.39755  0.063
5121.6378  0.076
5123.7283  0.106
5125.1638  0.183
5126.19685  0.056
5127.36475  0.097
5129.1617  0.065
5129.37405  0.038
5131.4742  0.076
5133.6964  0.134
5137.07795  0.094
5137.3877  0.097
5141.74515  0.079
5142.5288  0.117
5142.7868  0.077
5142.9286  0.113
5145.09915  0.017
5146.48845  0.075
5148.04805  0.065
5148.2339  0.079
5150.85385  0.114
5151.91465  0.098
5154.0751  0.057
5155.76915  0.063
5159.06275  0.054
5162.2822  0.132
5165.41585  0.078
5166.28095  0.119
5168.66135  0.065
5168.98665  0.281
5171.6137  0.174
5173.7472  0.085
5176.5656  0.024
5184.5607  0.055
5185.9069  0.056
5187.9187  0.009
5188.7022  0.109
5188.84135  0.115
5191.46185  0.149
5192.35295  0.172
5192.9749  0.079
5194.9478  0.12
5195.4781  0.093
5196.06345  0.059
5197.57505  0.068
5198.71655  0.092
5202.3132  0.177
5204.5391  0.213
5205.72985  0.028
5206.0528  0.215
5210.3909  0.095
5215.1876  0.127
5216.27955  0.125
5217.39455  0.115
5218.20775  0.026
5224.93615  0.04
5225.53205  0.078
5226.5456  0.1
5226.8716  0.176
5227.18285  0.232
5228.3804  0.051
5229.85775  0.127
5232.9445  0.275
5234.6302  0.087
5235.39475  0.077
5237.32215  0.008
5239.82155  0.024
5242.49745  0.092
5243.78115  0.054
5247.05565  0.071
5247.5717  0.089
5250.21445  0.082
5250.651  0.121
5251.9712  0.032
5253.46665  0.091
5254.95065  0.121
5261.70735  0.12
5262.2145  0.17
5263.3121  0.143
5263.86505  0.023
5264.1976  0.194
5264.80855  0.031
5265.5624  0.153
5265.7084  0.128
5266.55655  0.239
5270.32435  0.284
5273.16935  0.129
5273.3841  0.121
5274.9839  0.035
5275.27575  0.071
5275.7566  0.079
5276.03335  0.166
5280.3612  0.039
5281.79085  0.165
5283.6227  0.199
5284.1104  0.067
5288.5317  0.064
5296.69865  0.112
5297.3821  0.092
5298.0221  0.086
5298.28005  0.127
5298.497  0.054
5300.75095  0.036
5302.30645  0.123
5307.366  0.08
5316.6262  0.108
5316.77195  0.07
5322.04685  0.041
5324.18515  0.203
5328.0466  0.272
5328.325  0.108
5328.53565  0.144
5329.14405  0.047
5329.99255  0.026
5332.90565  0.087
5336.7922  0.06
5339.9355  0.13
5341.0492  0.199
5343.43785  0.022
5345.80515  0.112
5348.32335  0.096
5349.46755  0.087
5353.3874  0.121
5361.6259  0.024
5362.826  0.178
5364.87695  0.16
5365.4041  0.104
5367.4723  0.174
5369.59365  0.054
5369.96745  0.191
5373.71285  0.085
5377.61225  0.029
5379.57945  0.083
5381.027  0.078
5383.3743  0.21
5389.4844  0.112
5391.4619  0.102
5393.1724  0.176
5394.67465  0.123
5397.1366  0.249
5398.28415  0.1
5400.5272  0.184
5403.8282  0.095
5404.14155  0.228
5405.35585  0.051
5405.7843  0.261
5406.7799  0.001
5409.1383  0.069
5409.7935  0.17
5410.91505  0.163
5415.2055  0.206
5418.77245  0.06
5420.3586  0.131
5424.0739  0.235
5424.64835  0.043
5425.2525  0.03
5432.5438  0.042
5432.95255  0.096
5434.5303  0.208
5435.86205  0.067
5436.29935  0.023
5436.59255  0.047
5445.0481  0.149
5446.5907  0.119
5446.9184  0.252
5455.5497  0.353
5462.49815  0.025
5462.96535  0.126
5463.2816  0.141
5464.2821  0.016
5466.4012  0.106
5472.71  0.032
5473.90445  0.108
5476.28595  0.105
5476.57095  0.14
5476.91095  0.194
5480.86075  0.082
5481.25265  0.082
5481.43245  0.086
5483.10205  0.052
5483.35765  0.038
5487.74845  0.121
5493.501  0.013
5497.5171  0.162
5501.47415  0.162
5503.07275  0.08
5505.88435  0.077
5506.78585  0.168
5510.0102  0.05
5512.26095  0.051
5512.52815  0.075
5512.9831  0.133
5514.3487  0.052
5514.53865  0.069
5522.44945  0.064
5525.54805  0.085
5526.8164  0.118
5532.75265  0.046
5534.8446  0.093
5535.4679  0.187
5538.5189  0.046
5543.19425  0.099
5543.9405  0.099
5546.5109  0.081
5554.8943  0.089
5560.21745  0.013
5562.7123  0.043
5563.6142  0.089
5565.7098  0.086
5567.39755  0.047
5569.6249  0.149
5572.8489  0.18
5576.0962  0.119
5578.72515  0.038
5581.9745  0.101
5586.76265  0.208
5587.864  0.046
5588.75815  0.153
5590.1201  0.098
5592.26055  0.05
5594.4689  0.138
5594.65915  0.049
5598.30575  0.088
5598.4824  0.134
5600.22795  0.037
5601.27645  0.159
5614.779  0.057
5615.3111  0.137
5618.63655  0.08
5619.60165  0.015
5624.0272  0.078
5624.55095  0.19
5625.32165  0.05
5633.9494  0.107
5635.8263  0.033
5637.1194  0.02
5637.4075  0.058
5638.266  0.121
5640.98495  0.043
5641.44325  0.107
5650.6887  0.065
5652.32  0.002
5653.8689  0.071
5655.17935  0.1
5655.4928  0.128
5657.87835  0.127
5658.3421  0.052
5662.52115  0.157
5662.9325  0.097
5664.0019  0.068
5665.5578  0.062
5667.14775  0.029
5667.5172  0.098
5669.03515  0.057
5675.42665  0.121
5679.02765  0.114
5682.20465  0.103
5682.63815  0.18
5684.1945  0.068
5684.4879  0.119
5686.53495  0.131
5688.21335  0.201
5690.42735  0.099
5691.5005  0.078
5693.6465  0.092
5694.98825  0.083
5698.33565  0.055
5698.5223  0.048
5701.10605  0.066
5701.55205  0.146
5703.58065  0.018
5705.46865  0.073
5706.02825  0.191
5707.03445  0.079
5708.1  0.069
5708.3986  0.143
5711.0908  0.186
5711.8764  0.15
5712.1359  0.102
5715.0885  0.136
5717.8369  0.117
5727.05025  0.071
5731.76615  0.112
5741.85185  0.052
5747.9548  0.052
5748.3572  0.04
5752.0372  0.128
5753.12805  0.163
5753.6419  0.12
5754.6585  0.16
5756.81815  0.068
5760.3489  0.041
5760.8353  0.089
5762.4159  0.073
5772.14575  0.132
5775.0844  0.136
5778.4586  0.042
5780.38275  0.058
5780.60475  0.099
5780.80745  0.064
5782.12445  0.191
5783.0687  0.081
5783.86375  0.115
5784.6626  0.064
5784.973  0.084
5785.28205  0.123
5785.72535  0.092
5787.92265  0.114
5790.9877  0.191
5793.07505  0.113
5793.918  0.089
5797.86175  0.11
5798.1805  0.11
5804.03675  0.089
5804.46255  0.068
5805.22185  0.131
5806.7263  0.155
5809.21845  0.148
5814.8106  0.077
5816.3455  0.234
5831.6015  0.081
5838.37555  0.05
5847.00025  0.072
5848.11675  0.127
5852.2225  0.048
5853.6831  0.099
5856.09525  0.013
5857.45405  0.189
5857.75325  0.078
5859.5915  0.115
5862.3637  0.132
5866.4563  0.073
5883.8294  0.125
5892.8732  0.124
5899.2999  0.009
5901.47535  0.121
5902.47695  0.07
5905.67685  0.186
5906.8427  0.08
5907.8417  0.025
5908.98665  0.028
5909.9827  0.144
5910.7599  0.001
5912.9804  0.002
5914.16535  0.315
5916.25645  0.171
5918.4158  0.08
5918.53765  0.07
5919.0436  0.067
5919.63275  0.077
5922.1157  0.102
5922.5022  0.021
5923.63935  0.005
5923.8203  0.033
5924.26245  0.055
5924.9804  0.004
5927.7935  0.157
5928.27965  0.017
5929.68145  0.153
5930.18775  0.243
5932.0804  0.062
5934.6619  0.219
5941.02785  0.167
5941.61995  0.058
5941.75515  0.084
5942.4119  0.039
5942.5558  0.069
5945.9958  0.06
5947.05135  0.048
5948.5424  0.252
5949.16565  0.053
5949.33505  0.175
5952.72505  0.161
5953.16345  0.104
5956.7034  0.141
5958.2403  0.028
5965.83405  0.089
5975.3514  0.133
5976.78445  0.174
5978.54695  0.077
5983.68635  0.171
5984.822  0.201
5987.0677  0.178
5991.37605  0.1
5996.73445  0.052
5997.6025  0.015
5997.78185  0.15
6003.019  0.096
6007.9656  0.057
6008.56345  0.101
6013.49455  0.103
6016.64435  0.119
6020.02295  0.039
6020.1725  0.105
6021.799  0.114
6024.0653  0.125
6027.0563  0.069
6042.10005  0.029
6053.68675  0.048
6056.00835  0.179
6062.8538  0.059
6065.4926  0.236
6078.4947  0.19
6079.01245  0.133
6082.71565  0.106
6084.107  0.054
6085.25465  0.127
6086.286  0.13
6089.57325  0.11
6090.2146  0.105
6091.9174  0.088
6093.64715  0.098
6094.3771  0.044
6096.66895  0.117
6102.1821  0.167
6102.7236  0.238
6103.2285  0.213
6108.12125  0.14
6111.07695  0.079
6116.20485  0.153
6122.21925  0.333
6125.0248  0.041
6126.2208  0.006
6127.9115  0.113
6128.9804  0.048
6136.6245  0.235
6137.0  0.142
6137.69925  0.233
6141.7276  0.204
6142.4917  0.065
6145.02005  0.084
6147.79165  0.191
6149.24965  0.085
6151.62285  0.058
6155.14385  0.096
6157.7331  0.081
6160.75245  0.057
6161.2961  0.081
6162.1788  0.266
6163.754  0.079
6165.36515  0.035
6166.4401  0.094
6169.0421  0.125
6169.564  0.148
6170.51775  0.105
6173.3413  0.092
6175.3711  0.044
6176.8171  0.079
6180.20955  0.067
6187.9937  0.035
6191.18515  0.103
6191.5686  0.17
6200.32075  0.115
6213.43655  0.128
6215.14965  0.093
6219.28745  0.136
6229.2315  0.03
6230.7363  0.211
6232.6473  0.13
6237.3255  0.076
6238.3903  0.034
6240.65175  0.074
6243.81865  0.028
6244.47905  0.003
6246.32505  0.173
6247.5644  0.078
6252.56545  0.176
6254.2399  0.186
6256.3639  0.145
6258.109  0.08
6258.7128  0.096
6261.1051  0.072
6265.1403  0.133
6270.2304  0.08
6280.62385  0.103
6290.97335  0.098
6297.7995  0.117
6301.50655  0.229
6302.4998  0.173
6311.50445  0.059
6314.66525  0.159
6315.33825  0.178
6315.81545  0.1
6318.02715  0.201
6318.71385  0.103
6322.69465  0.157
6327.60545  0.094
6330.09695  0.052
6330.8519  0.077
6335.33825  0.185
6336.8302  0.209
6338.8805  0.104
6339.1166  0.107
6344.1556  0.141
6347.09905  0.092
6355.0707  0.233
6358.67925  0.205
6360.81575  0.056
6362.3505  0.089
6362.8755  0.12
6364.3679  0.093
6366.4865  0.081
6369.46535  0.028
6371.3605  0.082
6378.25665  0.102
6380.74735  0.144
6384.66435  0.072
6392.54405  0.033
6393.6117  0.263
6400.32045  0.104
6408.02445  0.146
6411.65555  0.189
6416.92875  0.025
6419.95455  0.13
6421.3611  0.161
6430.85325  0.166
6432.68555  0.03
6439.08025  0.22
6449.81695  0.154
6455.6042  0.108
6456.38795  0.12
6462.63235  0.348
6469.19235  0.107
6471.6652  0.159
6475.63265  0.109
6481.87735  0.119
6482.8058  0.072
6491.57635  0.051
6493.78665  0.201
6494.99085  0.246
6495.74835  0.073
6495.859  0.004
6496.4721  0.12
6496.909  0.16
6498.94485  0.088
6499.65355  0.152
6501.6759  0.072
6514.72245  0.058
6516.0864  0.156
6516.53885  0.044
6516.6261  0.046
6518.37425  0.154
6527.2103  0.125
6532.3438  0.021
6533.9439  0.146
6543.89615  0.061
6546.24855  0.231
6548.61155  0.04
6552.6168  0.062
6554.2318  0.06
6555.4609  0.19
6556.07085  0.092
6556.79485  0.059
6557.16545  0.04
6559.57815  0.179
6569.22315  0.23
6572.06045  0.007
6572.7877  0.122
6574.23325  0.106
6574.84115  0.054
6575.0216  0.182
6581.21455  0.053
6586.317  0.133
6592.5162  0.046
6592.9247  0.243
6593.88125  0.196
6597.564  0.135
6598.6052  0.075
6604.59385  0.116
6608.03025  0.026
6609.11815  0.166
6627.5485  0.087
6633.41665  0.085
6633.75435  0.177
6634.113  0.106
6635.1285  0.072
6639.6994  0.05
6643.63215  0.213
6663.23525  0.031
6663.44795  0.144
6677.9935  0.207
6696.02345  0.011
6703.5745  0.147
6705.10875  0.175
6710.3241  0.072
6713.0548  0.128
6713.746  0.103
6715.38995  0.129
6716.239  0.064
6721.84795  0.195
6725.361  0.082
6726.6725  0.175
6733.1553  0.124
6737.9893  0.106
6739.52735  0.027
6743.13135  0.088
6750.16025  0.155
6752.71135  0.079
6767.78145  0.162
6772.32195  0.115
6786.8605  0.003
6804.0027  0.047
6806.851  0.11
6810.26665  0.147
6820.3739  0.127
6828.5975  0.158
6838.8191  0.094
6839.83705  0.1
6841.34275  0.181
6842.04225  0.081
6842.69015  0.125
7001.90701  0.1
7002.23701  0.1
7022.13603  0.1
7034.91704  0.1
7042.21405  0.1
7093.2441  0.1
7100.13111  0.1
7108.94111  0.1
7111.47912  0.1
7113.18512  0.1
7115.17912  0.1
7116.99812  0.1
7119.66312  0.1
7122.21013  0.1
7122.24713  0.1
7129.36613  0.1
7130.92914  0.1
7132.99314  0.1
7148.15715  0.1
7149.57215  0.1
7156.80716  0.1
7202.20721  0.1
7222.40723  0.1
7224.51723  0.1
7226.21723  0.1
7240.11725  0.1
7301.57731  0.1
7332.95834  0.1
7400.19741  0.1
7409.35741  0.1
7411.16942  0.1
7415.96742  0.1
7422.29743  0.1
7423.50343  0.1
7423.64843  0.1
7432.23744  0.1
7442.30545  0.1
7449.34745  0.1
7462.38747  0.1
7468.31947  0.1
7473.31648  0.1
7476.18348  0.1
7479.70148  0.1
7481.94049  0.1
7483.45249  0.1
7483.49749  0.1
7495.0845  0.1
7511.02752  0.1
7513.74352  0.1
7515.88752  0.1
7523.40953  0.1
7525.12553  0.1
7526.46553  0.1
7529.00753  0.1
7574.05758  0.1
7711.71772  0.1
7771.95178  0.1
7774.17378  0.1
7775.39578  0.1
7835.31684  0.1
7836.14184  0.1
7848.25185  0.1
7852.86986  0.1
7860.89687  0.1
7896.5209  0.1
7928.14193  0.1
7932.35794  0.1
8021.26303  0.1
8058.62906  0.1
8182.68519  0.1
8184.86919  0.1
8187.95819  0.1
8200.31821  0.1
8210.64822  0.1
8216.28822  0.1
8223.13623  0.1
8242.39725  0.1
8335.15734  0.1
8400.87041  0.1
8446.36745  0.1
8446.76645  0.1
8567.74857  0.1
8594.0086  0.1
8629.24364  0.1
8643.48665  0.1
8655.88666  0.1
8668.87867  0.1
8670.19868  0.1
8670.65868  0.1
8671.37868  0.1
8680.29069  0.1
8683.41169  0.1
8686.16869  0.1
8693.1587  0.1
8693.9687  0.1
8694.9987  0.1
8703.24871  0.1
8711.69872  0.1
8718.82872  0.1
8728.91873  0.1
8737.77174  0.1
8747.41875  0.1
8818.48782  0.1
8873.37288  0.1
8874.43188  0.1
8965.72397  0.1
